1429.6875
1140.2526119898894
2398.4375
2195.3125
2123.5820839734456
2157.5932875239505
2189.5384646774933
2219.224589261168
2183.289067563711
2155.3686534475955
2031.25
2226.5625
2054.6875
2007.8125
2163.7035125767084
2020.815370747987
2007.8125
2011.3261674202145
1454.5759540036634
1343.75
1328.125
1281.25
2137.5507905495174
2083.377962064303
2017.7066722996235
2237.661475287825
2080.913670624738
2187.5
304.6875
264.1642393858131
2148.4375
312.5
304.6875
1421.875
2296.875
2343.75
2388.9777456328625
2393.11116544316
312.5
2100.6611660306735
695.3125
1078.125
2343.75
2187.5
2335.9375
2400.202367893587