2357.3778568011708
2383.506262457256
2103.095429356597
2101.6320217743664
2088.9906627377304
2344.6385245928395
2539.0625
2476.5625
3335.9375
3328.125
2335.9375
2250.0
773.4375
255.90890325063293
593.75
656.25
664.0625
656.25
309.3701702306235
341.19925650303713
2423.938145187188
2363.0329963926856
1335.9375
267.87745711165303
937.5
1320.3125
3542.937152517338
3405.4371553120623
3429.6875
312.5
1378.7597981494125
1489.2559250410836
289.0625
314.1865222214658
281.25
304.6875
314.0381854478379
445.3125
625.0
380.06481201805275
304.6875
333.45033776257907
399.6750141566922
343.75
312.5
296.875
3353.4037902852533
3328.750863445543