1281.25
1414.0625
1374.704666122687
1452.227949020938
1237.5397519463834
1401.3703853730528
1664.0625
1466.2012865438123
1406.25
1416.0552445422516
1439.265009159768
1386.7115055684817
1469.0958682196983
1382.8125
1390.625
2022.722792221085
363.30207032862035
304.6875
310.70603044141535
312.5
281.25
361.43995854433564
312.5
1449.6162888394533
269.7100038024338
304.6875
459.0495952688642
273.4375
337.3254212610066
304.6875
281.25
1335.246351495603
398.47275533903047
437.5
387.3502967414678
1312.5
1217.1135970718003
531.25
549.8420496895302