1375.0
1283.6646715541367
1413.5016637956287
312.5
312.5
304.6875
312.5
1273.4375
1320.3125
1349.921861694289
1384.682018581759
1364.1814175474453
1405.1127397362245
1355.442240310367
1421.875
1339.4416653347084
1365.0516683898595
1460.9375
1437.5
1257.8125
1292.414019328845
1219.3999048235053
304.6875
1311.6560992587451
1423.9203036602996
310.2602545994626
343.75
312.5
313.00686119410517
363.65709892221355
312.5
1172.2974605285833
1393.1669028649128
364.09923612324866
1335.9375
1333.752146532611
1365.8558281852527
352.96144854853605
812.5