859.375
867.1875
226.5625
226.5625
46.875
906.25
997.1775483987109
990.207535918501
1051.4469821454347
1511.7588609648888
1523.4375
1539.5193511690766
1530.3026812612873
1481.955920446811
70.3125
970.409387082358
121.70283411871493
78.125
70.3125
867.1875
1382.8125
1390.625
996.9695952416483
1484.375
1492.1875
1460.9375
837.6093542704249
1360.4094567890604
998.0855832394741
226.5625
228.63384059021487
1101.2306813283076
856.1513844100072
867.1875
906.25
906.0577839352903
960.9375
960.9375
937.5
811.2801707568341
1359.375
109.375
242.1875
164.0625
892.6719260019604
890.8300135784156
898.4375
937.5
1460.9375
1460.9375
937.5
1407.6867062037923
283.0974685277207
218.75
231.41069234547967
