851.5625
828.125
812.5
796.875
828.8838092020229
2329.189342623214
745.5793304348936
691.291045114548
734.375
695.3125
695.3125
648.4375
648.4375
640.3863427932624
657.4817933888655
1789.0625
1742.1875
1741.5314613139667
1609.3742800315833
1578.6202972762028
1585.9375
1539.0625
1539.0625
1484.375
1429.6875
1406.25
1375.0
1340.908211222434
1359.375
1289.0625
1273.4375
1254.5684004779052
1187.5
1375.0
1312.5
1398.4492930088852
648.4375
695.3125
687.5
734.375
2351.5625
815.2575249140523
835.9375
851.5625
2578.0689039440695
2664.0625
2710.9375
2706.826929379161
921.875
2812.5
945.3125
2867.1875
953.125
999.0774444756769
949.8869726493466
976.5625
984.375
981.169541286771
992.1875
1028.23976099092
1000.0455337683178
1000.0
1007.8125
961.044390573533
1007.399272861425
1042.2277946686022
1000.7923785591022
960.9375
2749.274889951962
2670.2772272347734
2609.375
851.5625
835.9375
827.5265951943751
779.849754909449
2319.8883900018004
765.625
2257.8125
734.375
734.375
703.125
693.9842532619087
695.3125
641.0631723606061
658.430862179207
641.6466752486186
633.3915690810787
625.0
609.375
601.5625
1789.0625
1689.0714513470814
1629.791401999798
1684.9854622640478
1593.75
1593.75
1517.9834536071714
1459.7735057576874
1491.1228365247268
1406.25
1375.0
1359.375
1360.225026568091
1304.8983704929235
1273.4375
2000.0
1187.5
1366.8968994911575
1327.3736403952994
1416.2504663368245
649.522167400826
693.6683096821528
733.7723465336148
742.1875
718.2182107367968
839.1551477611911
828.125
828.125
843.75
2703.469917987957
2648.152452785662
2703.9921725376807
2773.4375
914.0625
2828.125
988.7031568919555
1005.3342990162884
960.9375
1029.534607264893
976.5625
1033.8087444051737
984.375
1002.0863123122672
1000.0
1000.0
1028.2102841544095
989.923072453077
1032.9227625373546
976.4293391307799
975.1348385118796
960.9375
960.9375
914.0625
2736.6474556807875
895.4314322770476
824.9621778958947
820.3125
843.14282610625
2384.1633548862424
2332.2321097557465
760.1269214304485
742.1875
763.034771715443
703.125
695.3125
695.3125
656.25
640.625
657.2049046135118
589.0973332618775
586.562696215356
1783.8933852013831
1712.2947638475748
1679.6875
1678.1773199906
1601.5625
1585.9375
1493.2321571641523
1515.625
1455.3972169919866
1490.1973238558744
1382.8125
1359.375
1375.0
1359.375