883.6456865990019
1295.4588252340689
1328.125
1312.5
780.0412228868614
942.1273204191975
1337.404559170477
1328.125
1116.9793503544072
1562.5
927.754802943365
1583.3224179907738
1317.2896353639594
1316.701851607305
1351.5625
934.2270367686675
1561.9637380161664
1296.5869135169942
1312.5
1357.9630652515762
914.0625
906.25
1331.3751172661518
1328.125
1342.6872245337722
902.8357015997966
943.4992022397686
1328.1568605041764
1292.7291302702351
1179.6875
775.2877183494687
955.0252869075672
773.4375
1335.9375
1171.875
820.5539908948726
965.064196886672
773.4375
1278.4906208660384
1180.1909471023225
1179.6875
906.25
765.625
1515.1306494301557
1171.875
1179.6875
927.7941155604609
990.1610248707741
1374.9881610147056
1341.715121906616
1343.75
765.3170272028312
937.8837061920599
1343.75
1301.989437153855
1195.3125
1562.5
937.5
1351.5625
1307.3543174088625
1328.125
773.4375
929.6875
1676.3452238035
1554.6875
1320.3125
1307.2824960097
2664.0625
980.5669050924955
1540.0982689904163
1337.1309078953275
1335.9375
2664.0625
948.8158207238662
1359.375
1343.75
1381.8920479563424
2656.495127009235
2779.2185652548374
1405.5458209554874
1348.4671063181122
1320.9482874994908
802.9798889324046
2781.25
1453.125
1367.1875
1328.125
1343.1408543783843
2781.25
2820.3125
1343.75
1335.9375
1379.8811374391887
2630.424394664278
2812.5
1296.1603266768668
1348.4833343490577
1382.385056256205
2674.3401657542267
2807.410144853797
1349.9006206728302
1343.75
1355.4907861172217
1350.8345595028145
2781.25
1687.5
1305.1005225635995
1352.0658768179371
1317.9991570793816
2711.5817441874515
2780.844712704781
1351.5625
1335.9375
1360.8622683765896
2679.6875
2804.6875
1359.375
1318.1913911711276
1335.9375
1367.1875
2809.711616031737
2812.5
1362.1856319832812
1338.5129376052462
1361.99592716625
810.0472637392527
2806.246675903798
1344.6445692634793
1294.3736000393183
1328.125
1277.7213145917256
2769.243459154674
2820.3125
1351.5625
1292.5103940986355
1325.7625694842973
2687.5
2767.9278336339657
1351.5625
1366.0907107975033
1304.6875
787.0499172928975
2751.092981841207
1351.5625
1321.0871040772727
1328.125
1312.5
2783.1321806237665
2820.3125
1356.6017535390956
1306.496564559833
1317.8373498221126
2639.51427730621
2796.6179103664913
1358.7269413332474
1354.4432009366071
1179.6875
773.4375
2812.5
1343.75
1318.7280286826372
1282.5480675559386
1275.318362715389
2752.4861444054936
2788.468263616747
1361.2240392869626
1324.7551425698086
1312.5
2674.93763907519
2820.3125
1351.5625
1328.125
1338.4883014934248
2664.0625
2820.3125
1335.9375
1351.5625
1304.6875
2647.1303046501635
901.2074228196311