921.875
1515.625
1507.8125
1507.8125
1507.8125
1507.8125
1507.8125
1507.8125
906.25
955.7946161959248
921.875
954.9944939381145
921.875
921.875
1507.8125
1462.121711449696
1495.8920583206725
1476.067887708649
1479.4680264403876
1507.8125
1507.8125
906.25
921.875
881.4543442278014
874.3878756771064
921.875
1507.8125
1447.5870465438352
1507.8125
1565.2741091356431
1507.8125
1507.8125
1507.8125
1511.7085936195433
921.875
941.3369016153492
921.875
962.1384301532219
971.3947120984224
1507.8125
1507.8125
1507.8125
1507.8125
1507.8125
1507.8125
1488.7841972784615
906.25
2782.8517787050937
2765.625
2765.625
2765.625
1539.0625
1507.8125
1507.8125
1507.8125
2257.8125
2257.8125
2257.8125
2257.8125
921.875
947.8755948345422
921.875
921.875
930.6573133225028
2240.609366838872
2257.8125
2257.8125
2257.8125
2257.8125
2257.8125
2257.8125
921.875
921.875
921.875
921.875
921.875
921.875
2215.3979018216014
2257.8125
2257.8125
2257.8125
2257.8125
2262.76741138661
2257.8125
921.875
921.875
921.875
921.875
921.875
1171.875
2187.5
2160.3792135683198
2187.5
1179.6875
2157.8235157131917
2101.5625
1202.4861655594664
2187.5
2168.5151896168604
2217.4431190827468
1171.1026110255093
2054.0160866493584
2134.2171027572517
1195.3125
2187.5
2187.5
2187.5
1656.25