290.4142787323921
304.6875
304.6875
312.5
333.2362983893837
281.25
1297.2269536541967
1003.7720249112012
1484.375
1117.1875
2780.265104379282
2669.4865618604586
1622.2698563347992
1593.75
1585.9375
1585.9375
1570.3125
1500.0
1492.1875
1462.7655609515261
1500.0
402.1962247437531
1333.7013302376265
1054.6875
1421.875
1320.148926258722
1296.875
2525.299330162654
2531.25
1546.875
1536.9574676004083
1539.0625
1437.5
1288.9197765203346
1320.3125
1351.5625
275.75277454537445
1296.875
1109.8476344360581
2675.204044588235
2593.75
2531.25
2648.4375
2570.3125
2515.625
2523.4375
2554.6875
2570.3125
2460.9375
2568.72892421024
2571.642416675501