234.29706244253862
492.53860920466997
395.52467417710915
1293.395322118768
2539.0625
2539.0625
2599.026152218111
2164.812490264161
578.125
1209.8298147676708
1187.5
1765.625
2429.6875
2149.63068027746
2183.4378991264875
2177.6061388943763
1875.0
1273.4375
1998.2370768630842
304.6875
281.25
705.030818131795
710.9375
847.0036825010986
875.0
2163.9749713250912
2152.9224793653248
2179.046991962735
2453.125
2468.975625748622
2326.829309913834
2437.5
2176.698413595349
3250.0
1953.125
2109.375
360.7106576883088
289.0625
359.375
203.125