453.125
186.91431324261143
429.6875
445.3125
429.6875
317.57340335398106
281.25
280.6005334504855
320.49695309358935
296.875
296.875
303.5811997223449
307.8195644842811
1987.054490550996
726.5625
726.5625
726.5625
726.5625
562.5
562.5
562.5
562.5
558.4927303390407
562.5
562.5
562.5
562.5
598.887804952238
562.5
577.9021052920536
562.5
437.5
361.3295362224278
291.93981806232716
296.5784486075107
390.625
382.8125
343.75
474.02636901447295
209.8389261022059
179.6875
335.9375
302.73531522371445
290.4225679335346
355.0960921697198
380.5559172901561
483.01196690323695
275.33664378846424
322.673982732438
281.25
289.10277320042405
292.58292173030446
335.9375
273.4375
226.5625
344.63675163202277
304.6457770992709
298.05580395180465
353.725063479132
331.34481264780163