204.29106381459252
251.88666232707618
335.9375
210.9375
280.39484899351504
187.5
304.5789250612779
335.7152813453771
296.875
261.30105891226765
393.7698951244844
382.8125
343.75
264.2182251177339
281.25
302.62363375247105
300.02570596412767
312.5
304.6875
380.45070258306436
335.9375
261.2348470942151
208.2964469131836
304.6875
296.875
304.6875
281.25
277.38764486390863
3335.9375
625.0
666.4502801624851
684.3667618259568
607.8216998454607
632.822164624818
568.981395244061
604.1077771068386
625.0
625.0
625.0
625.0
627.4923201366425
657.0018758529254
597.0841468683858
627.1137356926105
625.0
625.0
625.0
629.4517884168997
625.0
621.1318774148128
653.2971386156872
625.0
625.0
625.0
625.0
625.0
625.0
625.0
625.0
660.9198688219744
625.0
625.0
625.0
601.8574709715855
625.0
623.114191099
625.0
625.0
641.2503927169347
636.301344302227
625.0
652.451232291441
615.9521258458547
613.513242698064
625.0
661.2962209471322
600.7610603646527
626.6062717870684
625.0
625.0
625.0
602.9021925868772
682.6418398947685
625.0
653.1723892615145
625.0
641.8512802019416
625.0
659.3449159455115
625.0
650.7388667210708
625.0
680.2975083543572
625.0
625.0
625.0
625.0
614.111255229682
625.0
282.57561738368526
625.0
281.25
296.875
624.2777380730303
313.4459427581816
275.0505343058086
625.0
327.80901505857497
335.9375
364.83653517667835
273.2541920412923
333.85170551763065
305.9222034674216
346.8586372740199
343.75
464.3379787843149
320.3125
312.5
287.10333282329265