304.6875
307.85535880769845
291.1569941241481
296.875
242.70073385169957
281.25
343.75
437.5
339.5517910109499
429.6875
320.3125
265.4035262824024
320.3125
304.6875
429.6875
304.6875
336.58446318219495
320.7894250134502
343.75
351.5625
1291.6683353701853
1393.005415114263
1171.875
1460.9375
215.8828356523767
1338.5910203517044
1312.5
318.6818634152974
1179.6875
1306.8985680854814
1341.0372301280843
1273.4375
1339.6612242573467
1346.34913829134
923.5878763622676
1742.1875
1334.1830183450772
1405.7549653303818