335.9375
336.52343179446865
336.30007397706595
361.32507437006444
343.75
312.5
427.6788386051279
296.875
334.50662850747943
286.78157172342577
273.28822503939233
320.3125
329.88167660482765
466.21548248922954
304.6875
289.2507895073943
285.09291544579537
1426.377350617313
1398.4375
1288.4753249210312
1375.0
1514.5564980641532
3484.375
2382.8125
2381.1439781452796
2322.185235812775
2242.1875
1328.125
1326.393269177802
147.06359278534563
335.9375
289.0625
2414.777891284516
2390.625
304.6875
357.21642431318867