281.25
380.74071988700547
343.75
304.6875
301.8361238548541
203.6079569414302
354.13488159138274
210.9375
281.25
372.4424968645247
296.875
437.5
296.875
364.76744476722223
296.875
226.5625
226.5625
437.5
281.25
327.6262189706575
203.125
385.17489196501333
398.4375
400.39489069448217
1986.2814005964863
2039.0625
2039.0625
1304.6875
625.0
625.0
625.0
625.0
625.0
650.2262382106554
625.0
625.0
620.3077302704876
625.0
625.0
346.9823494784854
684.8088197493814
625.0
625.0
642.3174485185565
684.0479642593552
639.6037902242429
210.9375
335.9375
235.28537352532385
445.3125
273.4375