1054.6875
1020.9040238152347
1062.5
1054.6875
1456.8929302091494
1330.406103754994
1109.375
1070.3125
1117.1875
1046.875
1187.5
1179.6875
1277.2577321398455
1272.8657779558241
1039.0625
1042.2101286466816
1169.2815632396566
226.5625
1046.875
1078.125
1187.5
212.26410631113382
684.4999679592598
192.90575654095025
227.08341002103404
226.5625
218.75
226.5625
204.81901915078387
1171.1135729444472
1398.4375
968.75
1000.0
1029.2697087536728
1517.7738111372187
1450.3156240662163
1460.9375
1109.375
1343.75
925.4116987975207
820.3125
226.5625
191.2310719299887
1335.9375
1382.8125
1382.8125
1429.6875
1460.9375
1515.820463179605
1460.9375
1319.8620043759558
1325.7727674037094
1328.125
226.5625
109.375
