226.5625
226.5625
164.19848223031667
804.6875
796.875
873.2062543318099
888.1852673524464
913.4578798517375
861.8787807752226
905.6533655742986
870.17581667818
214.44352168320907
218.75
841.7607201586217
870.6163020654175
968.75
1015.625
1023.4375
993.0204043299383
992.1875
895.2243692916846
1293.5886700564624
1125.0
226.5625
109.375
1195.3125
976.5625
1031.25
1054.6875
1054.6875
1109.63657237486
1062.5
1515.625
907.7451307219352
1203.125
1062.5
3296.875
1041.9484237225304
1187.5
2710.9375
1242.1875
1226.5625
1004.4492110594174
1031.1249789010128
252.67981137157824
166.3982755272804
3093.75
3093.75
3093.75
226.5625
226.5625
226.5625
226.5625
109.375
222.13721965816083
